	0.000000 0.000000 0.000000	0 0 		  63   48  254  254  254 	 3328 3.250000	 451 	 810  743 1 38
	0.000000 0.000000 0.000000	0 0 		  53   50  113  254  254 	 3380 6.550781	 463 	 814  745 2 38
	0.000000 0.000000 0.000000	0 0 		  55   46  254  128  254 	 3361 9.833008	 470 	 814  746 3 39
	0.000000 0.000000 0.000000	0 0 		  56   46  254  254  254 	 3345 13.099609	 451 	 812  744 4 39
	0.000000 0.000000 0.000000	0 0 		  63   45  254  110  254 	 3382 16.402344	 444 	 812  745 5 39
	0.000000 0.000000 0.000000	0 0 		  59   51  128  254  254 	 3332 19.656250	 461 	 811  744 6 38
	0.000000 0.000000 0.000000	0 0 		  58   48  254   97  254 	 3393 22.969727	 468 	 815  746 7 37
	0.000000 0.000000 0.000000	0 0 		  61   52  254  254  254 	 3341 26.232422	 451 	 811  743 8 38
	0.000000 0.000000 0.000000	0 0 		  69   52  254  254  254 	 3370 29.523438	 450 	 812  745 9 38
	0.000000 0.000000 0.000000	0 0 		  58   48  127  254  254 	 3372 32.816406	 446 	 811  745 10 39
	0.000000 0.000000 0.000000	0 0 		  61   48  254  124  254 	 3345 36.083008	 467 	 812  744 11 38
	0.000000 0.000000 0.000000	0 0 		  61   56  254  254  254 	 3385 39.388672	 452 	 813  746 12 37
	0.000000 0.000000 0.000000	0 0 		  58   49  254  139  254 	 3328 42.638672	 455 	 810  742 13 38
	0.000000 0.000000 0.000000	0 0 		  57   51  127  254  254 	 3385 45.944336	 445 	 813  745 14 38
	0.000000 0.000000 0.000000	0 0 		  58   46  254  129  254 	 3347 49.212891	 449 	 811  743 15 39
	0.000000 0.000000 0.000000	0 0 		  63   47  254  254  254 	 3356 52.490234	 443 	 812  744 16 38
	0.000000 0.000000 0.000000	0 0 		  67   50  254  107  254 	 3382 55.792969	 463 	 814  746 17 37
	0.000000 0.000000 0.000000	0 0 		  61   48  127  254  254 	 3337 59.051758	 453 	 811  743 18 39
	0.000000 0.000000 0.000000	0 0 		  56   49  254  105  254 	 3392 62.364258	 455 	 814  746 19 38
	0.000000 0.000000 0.000000	0 0 		  65   49  254  254  254 	 3328 65.614258	 454 	 811  742 20 38
	0.000000 0.000000 0.000000	0 0 		  63   51  254  254  254 	 3381 68.916016	 457 	 813  746 21 37
	0.000000 0.000000 0.000000	0 0 		  56   49  109  254  254 	 3365 72.202148	 460 	 812  744 22 39
	0.000000 0.000000 0.000000	0 0 		  65   51  254  104  254 	 3349 75.472656	 469 	 813  744 23 39
	0.000000 0.000000 0.000000	0 0 		  60   53  254  254  254 	 3382 78.775391	 445 	 811  745 24 37
	0.000000 0.000000 0.000000	0 0 		  60   47  254  254  254 	 3335 82.032227	 466 	 812  743 25 38
	0.000000 0.000000 0.000000	0 0 		  63   55  110  254  254 	 3394 85.346680	 450 	 813  745 26 37
	0.000000 0.000000 0.000000	0 0 		  59   46  254  254  254 	 3342 88.610352	 453 	 811  743 27 39
	0.000000 0.000000 0.000000	0 0 		  59   50  254  254  254 	 3369 91.900391	 457 	 812  745 28 38
	0.000000 0.000000 0.000000	0 0 		  63   52  254  111  254 	 3376 95.197266	 463 	 813  746 29 37
	0.000000 0.000000 0.000000	0 0 		  54   50  116  254  254 	 3340 98.458984	 459 	 812  745 30 39
	0.000000 0.000000 0.000000	0 0 		  57   50  254  125  254 	 3388 101.767578	 467 	 814  746 31 37
	0.000000 0.000000 0.000000	0 0 		  68   50  254  254  254 	 3329 105.018555	 446 	 810  743 32 38
	0.000000 0.000000 0.000000	0 0 		  63   48  254  254  254 	 3387 108.326172	 453 	 814  745 33 37
	0.000000 0.000000 0.000000	0 0 		  61   48  122  254  254 	 3351 111.598633	 456 	 812  744 34 38
	0.000000 0.000000 0.000000	0 0 		  66   48  254  106  254 	 3353 114.873047	 462 	 813  744 35 39
	0.000000 0.000000 0.000000	0 0 		  62   55  254  254   35 	 3396 118.189453	 708 	 839  756 36 37
	0.000000 0.000000 0.000000	0 0 		  65   49  254  254   22 	 3359 121.469727	 822 	 848  758 37 38
	0.000000 0.000000 0.000000	0 0 		  58   54  254  254   20 	 3414 124.803711	 841 	 852  761 38 37
	0.000000 0.000000 0.000000	0 0 		  61   46  254  126   20 	 3360 128.084961	 841 	 849  759 39 39
	0.000000 0.000000 0.000000	0 0 		  59   48  254  254   19 	 3403 131.408203	 848 	 852  761 40 38
	0.000000 0.000000 0.000000	0 0 		  58   50  254  254   19 	 3389 134.717773	 846 	 851  761 41 38
	0.000000 0.000000 0.000000	0 0 		  55   52  254  254   18 	 3369 138.007812	 852 	 851  759 42 39
	0.000000 0.000000 0.000000	0 0 		  60   55  254  126   39 	 3399 141.327148	 687 	 838  756 43 37
	0.000000 0.000000 0.000000	0 0 		  62   47  254  254  254 	 3330 144.579102	 443 	 810  743 44 38
	0.000000 0.000000 0.000000	0 0 		  62   51  254  254  254 	 3393 147.892578	 457 	 814  747 45 37
	0.000000 0.000000 0.000000	0 0 		  63   47  254  254  254 	 3343 151.157227	 453 	 811  743 46 38
	0.000000 0.000000 0.000000	0 0 		  55   49  254  127  254 	 3362 154.440430	 464 	 813  745 47 39
	0.000000 0.000000 0.000000	0 0 		  57   50  254  127  254 	 3372 157.733398	 461 	 813  745 48 39
	0.000000 0.000000 0.000000	0 0 		  52   46  254  254   43 	 3352 161.006836	 658 	 833  752 49 40
	0.000000 0.000000 0.000000	0 0 		  60   51  254  254   27 	 3408 164.334961	 774 	 846  759 50 38
	0.000000 0.000000 0.000000	0 0 		  59   49  254  254   29 	 3351 167.607422	 764 	 843  755 51 38
	0.000000 0.000000 0.000000	0 0 		  69   46  254  254   26 	 3403 170.930664	 783 	 848  759 52 39
	0.000000 0.000000 0.000000	0 0 		  70   48  254  139   26 	 3380 174.231445	 788 	 847  758 53 38
	0.000000 0.000000 0.000000	0 0 		  61   53  254  127   28 	 3371 177.523438	 769 	 845  757 54 40
	0.000000 0.000000 0.000000	0 0 		  54   52  254  254   25 	 3407 180.850586	 796 	 848  759 55 38
	0.000000 0.000000 0.000000	0 0 		  60   53  254  254   23 	 3357 184.128906	 805 	 847  758 56 39
	0.000000 0.000000 0.000000	0 0 		  62   51  254  254   24 	 3414 187.462891	 802 	 850  760 57 38
	0.000000 0.000000 0.000000	0 0 		  64   46  254  254   24 	 3362 190.746094	 799 	 847  758 58 40
	0.000000 0.000000 0.000000	0 0 		  58   48  254  254   29 	 3393 194.059570	 761 	 845  759 59 37
	0.000000 0.000000 0.000000	0 0 		  59   52  129  129  254 	 3375 197.355469	 470 	 815  747 60 36
	0.000000 0.000000 0.000000	0 0 		  58   47  254  254  254 	 3340 200.617188	 447 	 811  744 61 38
	0.000000 0.000000 0.000000	0 0 		  65   49  254  254  254 	 3389 203.926758	 457 	 813  745 62 37
	0.000000 0.000000 0.000000	0 0 		  65   47  254  129  254 	 3328 207.176758	 456 	 811  742 63 38
	0.000000 0.000000 0.000000	0 0 		  65   46   82  254  254 	 3388 210.485352	 453 	 813  745 64 39
	0.000000 0.000000 0.000000	0 0 		  56   45  254  129   85 	 3354 213.760742	 521 	 819  747 65 39
	0.000000 0.000000 0.000000	0 0 		  57   50  254  254  254 	 3355 217.037109	 465 	 813  744 66 38
	0.000000 0.000000 0.000000	0 0 		  56   57  254  254   76 	 3382 220.339844	 539 	 822  749 67 38
	0.000000 0.000000 0.000000	0 0 		  56   48  254  254   71 	 3340 223.601562	 548 	 821  748 68 38
	0.000000 0.000000 0.000000	0 0 		  62   56  254  254  254 	 3392 226.914062	 482 	 816  747 69 36
	0.000000 0.000000 0.000000	0 0 		  65   48  254  120  254 	 3331 230.166992	 447 	 811  743 70 38
	0.000000 0.000000 0.000000	0 0 		  60   49  254  254  254 	 3376 233.463867	 476 	 815  745 71 36
	0.000000 0.000000 0.000000	0 0 		  68   52  254  254  105 	 3370 236.754883	 498 	 817  747 72 37
	0.000000 0.000000 0.000000	0 0 		  62   49  254  254   64 	 3355 240.031250	 563 	 823  749 73 37
	0.000000 0.000000 0.000000	0 0 		  58   48  254  254   29 	 3404 243.355469	 759 	 845  758 74 37
	0.000000 0.000000 0.000000	0 0 		  58   48  254  254   30 	 3350 246.626953	 750 	 841  756 75 38
	0.000000 0.000000 0.000000	0 0 		  59   56  254  254   29 	 3413 249.959961	 762 	 846  759 76 37
	0.000000 0.000000 0.000000	0 0 		  57   47  254  254   29 	 3364 253.245117	 758 	 843  756 77 38
	0.000000 0.000000 0.000000	0 0 		  57   46  254  129   29 	 3382 256.547852	 764 	 845  758 78 38
	0.000000 0.000000 0.000000	0 0 		  64   51  254  254   30 	 3394 259.862305	 759 	 844  758 79 37
	0.000000 0.000000 0.000000	0 0 		  57   46  254  254  128 	 3339 263.123047	 486 	 815  745 80 38
	0.000000 0.000000 0.000000	0 0 		  59   58  254  254  254 	 3389 266.432617	 455 	 813  746 81 37
	0.000000 0.000000 0.000000	0 0 		  61   46  254  127  254 	 3330 269.684570	 454 	 811  743 82 40
	0.000000 0.000000 0.000000	0 0 		  64   47  254  254  254 	 3385 272.990234	 452 	 813  746 83 37
	0.000000 0.000000 0.000000	0 0 		  60   48  103  254  254 	 3357 276.268555	 434 	 810  744 84 40
	0.000000 0.000000 0.000000	0 0 		  65   51  254  114  254 	 3351 279.541016	 460 	 812  745 85 38
	0.000000 0.000000 0.000000	0 0 		  56   50  254  254  254 	 3389 282.850586	 450 	 813  745 86 37
	0.000000 0.000000 0.000000	0 0 		  63   44  254  254  254 	 3331 286.103516	 452 	 810  743 87 39
	0.000000 0.000000 0.000000	0 0 		  63   49  254  121  254 	 3393 289.416992	 457 	 814  746 88 37
	0.000000 0.000000 0.000000	0 0 		  59   52  254  254  254 	 3338 292.676758	 451 	 810  743 89 38
	0.000000 0.000000 0.000000	0 0 		  61   46  254  109  254 	 3374 295.971680	 452 	 812  745 90 40
	0.000000 0.000000 0.000000	0 0 		  64   54  254  254  254 	 3368 299.260742	 453 	 812  745 91 38
	0.000000 0.000000 0.000000	0 0 		  62   49  254  254  254 	 3346 302.528320	 463 	 812  744 92 38
	0.000000 0.000000 0.000000	0 0 		  56   51  254  254  254 	 3390 305.838867	 456 	 814  747 93 37
	0.000000 0.000000 0.000000	0 0 		  58   49  254  254  254 	 3332 309.092773	 464 	 812  744 94 38
	0.000000 0.000000 0.000000	0 0 		  60   50  254  254  254 	 3392 312.405273	 445 	 812  745 95 37
	0.000000 0.000000 0.000000	0 0 		  64   48  254  254  254 	 3349 315.675781	 450 	 811  743 96 38
	0.000000 0.000000 0.000000	0 0 		  60   49  254  254  254 	 3360 318.957031	 469 	 813  745 97 38
	0.000000 0.000000 0.000000	0 0 		  60   49  254  254  254 	 3377 322.254883	 461 	 813  746 98 38
	0.000000 0.000000 0.000000	0 0 		  64   48  127  254  254 	 3336 325.512695	 440 	 810  743 99 40
	0.000000 0.000000 0.000000	0 0 		  64   53  254  254  254 	 3388 328.821289	 462 	 815  746 100 36
	0.000000 0.000000 0.000000	0 0 		  63   49  254  254  254 	 3329 332.072266	 460 	 811  743 101 38
	0.000000 0.000000 0.000000	0 0 		  63   52  254   98  254 	 3385 335.377930	 451 	 814  745 102 38
	0.000000 0.000000 0.000000	0 0 		  54   50  254  254  254 	 3355 338.654297	 465 	 813  744 103 38
	0.000000 0.000000 0.000000	0 0 		  58   47  254  116  254 	 3347 341.922852	 447 	 811  744 104 39
	0.000000 0.000000 0.000000	0 0 		  64   57  254  254  254 	 3379 345.222656	 460 	 814  746 105 37
	0.000000 0.000000 0.000000	0 0 		  62   51  254  254  254 	 3328 348.472656	 459 	 812  744 106 38
	0.000000 0.000000 0.000000	0 0 		  54   52  254  254  254 	 3392 351.785156	 452 	 813  746 107 37
	0.000000 0.000000 0.000000	0 0 		  67   46  254  254  254 	 3332 355.039062	 450 	 810  742 108 39
	0.000000 0.000000 0.000000	0 0 		  63   48  254  254  254 	 3375 358.334961	 456 	 813  745 109 37
	0.000000 0.000000 0.000000	0 0 		  58   48  254  123  254 	 3372 361.627930	 461 	 813  745 110 38
	0.000000 0.000000 0.000000	0 0 		  53   47  254  254  254 	 3344 364.893555	 456 	 812  745 111 38
	0.000000 0.000000 0.000000	0 0 		  57   50  254  254  254 	 3388 368.202148	 465 	 814  746 112 37
	0.000000 0.000000 0.000000	0 0 		  57   48  254  129  254 	 3332 371.456055	 445 	 809  743 113 38
	0.000000 0.000000 0.000000	0 0 		  60   50  254  104  254 	 3392 374.768555	 441 	 812  746 114 38
	0.000000 0.000000 0.000000	0 0 		  56   50  254  254  254 	 3339 378.029297	 451 	 811  743 115 38
	0.000000 0.000000 0.000000	0 0 		  65   49  254  254  254 	 3364 381.314453	 450 	 812  744 116 38
	0.000000 0.000000 0.000000	0 0 		  66   52  254  254  254 	 3374 384.609375	 449 	 812  746 117 38
